456
653
251
156
380
560
49
285
687
678
372
491
382
472
434
74
701
227
490
283
456
329
393
604
608
795
117
854
663
561
704
11
458
332
464
249
292
72
4
494
167
272
12
709
649
802
719
570
940
574
561
643
865
799
139
595
250
48
356
473
485
556
88
604
545
720
445
43
503
891
29
342
739
241
24
350
704
661
744
744
646
820
104
939
834
300
748
501
593
387
610
791
211
240
93
976
291
157
531
761
273
915
549
188
161
282
705
360
254
922
555
942
245
168
316
113
345
185
684
611
123
889
584
907
708
363
851
609
704
351
821
468
209
903
496
158
828
248
110
787
160
356
498
544
825
838
63
33
37
940
